home_TS%,home_AST%,home_STL%,home_BLK%,home_ORB%,home_DRB%,home_TOV%,home_ORTG,home_DRTG,home_PTS,home_FGA,home_FTA,home_AST,home_FG,home_TOV,home_ORB,home_DRB,home_POSS,home_STL,home_BLK,home_THPA,away_TS%,away_AST%,away_STL%,away_BLK%,away_ORB%,away_DRB%,away_TOV%,away_ORTG,away_DRTG,GAME_RESULT,away_PTS,away_FGA,away_FTA,away_AST,away_FG,away_TOV,away_ORB,away_DRB,away_POSS,away_STL,away_BLK,away_THPA,Date
1.0,0.17094918731475875,-0.046059968887863595,-0.004665661046885004,-0.087007310276004,-0.02491398156741119,0.14480611547924427,0.8368742112771393,0.08746704092171273,0.7825482911819507,-0.3232742660394506,0.10599338135223639,0.5491822533395269,0.6486967122238052,0.08880962356956192,-0.3880374730015591,0.02447291685750198,0.045328347045661646,-0.03788783201279196,0.014942564624455477,-0.047518610922644616,0.02304385158206586,-0.04432619558963338,0.0129045044873641,-0.2652537828925627,0.02491398156741265,0.08700731027600474,-0.11428200419788627,0.08746704092171273,0.8368742112771393,-0.4814606062660662,0.10305093589049742,0.09597764019464915,0.06385667020629353,0.01922727806652951,0.09015850219115451,-0.09370219012649764,0.03920749172975335,-0.6711618333949314,0.045328347045661646,0.019219660752603607,-0.32259500953634235,0.000852198759048168,0.09983275844244135
0.17094918731475875,1.0,0.003211164941159462,0.04142558398630475,-0.10559588952599966,0.010858712215337291,0.14696659749570556,0.07189687097973536,-0.03263941389882878,0.06412451101644269,-0.11926707455995515,-0.08031318350198065,0.7584082004569886,0.007923407239409038,0.12198746423571492,-0.14218525265899398,0.02332823561111123,-0.0013041141824972154,0.0044903545056214356,0.0453593005667989,0.2172649916845537,-0.0323573298698506,0.0365790990963462,0.10035044989159118,0.032198955830852596,-0.010858712215334824,0.10559588952599763,-0.011734798582792857,-0.03263941389882878,0.07189687097973536,-0.05434894113126001,-0.03186891470055436,0.0037065569119430404,-0.014864537161314023,0.011228157072899337,-0.02431273953283231,-0.01295808119894041,-0.006395115044308086,-0.04802588897679638,-0.0013041141824972154,0.09768639105671961,-0.06043301325503123,-0.02239337012839159,0.12809914901393463
-0.046059968887863595,0.003211164941159462,1.0,0.059736449648325196,0.03248738847946591,-0.0887896554353214,-0.009556058946301888,-0.03194011470528815,-0.26461043348969776,0.010807753198568202,0.09350101397628614,-0.02261158041473337,0.02947815707194316,0.039774487708245224,0.011122126927718214,0.06258148051968619,-0.18520261557217568,0.08237989387340058,0.9891163406540773,0.007219215441896889,0.0035884875861842813,-0.015698529324515122,0.05080775590810761,-0.03343591869812315,-0.020353323173519997,0.08878965543532107,-0.03248738847946632,0.7067103606220494,-0.26461043348969776,-0.03194011470528815,-0.1342297145630272,-0.20622257229289978,-0.2675594091423998,-0.07908285668703714,-0.07916432310432134,-0.18320736163241447,0.7050007187980262,0.018165721017967776,0.05626590927387514,0.08237989387340058,-0.021604169903738205,0.001751897494479264,-0.07342531830943884,-0.029537288787409906
-0.004665661046885004,0.04142558398630475,0.059736449648325196,1.0,0.06017566404433635,-0.08005973909602844,0.04324296857414332,-0.013949883993816563,-0.22041883845067148,0.016933078399683592,0.04278559703902318,-0.017741173949467812,0.050369141787771556,0.030874959441949974,0.055442155363545055,0.05896180373118634,0.16484295819340206,0.06415926938316398,0.06848097026598898,0.9426333174391488,0.011426991001148716,-0.2781541486446939,0.012484555989985229,0.023751753732631907,0.044533509530657954,0.08005973909602888,-0.060175664044337426,0.04019260146281786,-0.22041883845067148,-0.013949883993816563,-0.1469346135553666,-0.17550606685697007,0.1393963312116851,0.004933643877980511,-0.13414549934335993,-0.22349615205531462,0.08491774390822698,0.16111940377319642,-0.02156956459060442,0.06415926938316398,0.03077671114992227,0.048529058906695205,0.10555585939726186,0.00759708872956544
-0.087007310276004,-0.10559588952599966,0.03248738847946591,0.06017566404433635,1.0,0.011509250597630836,0.014466345244122245,0.25501279980153413,0.04732894212553133,0.17394505753323417,0.3614596189561183,0.08356042689909997,0.029847196806702052,0.16837711101590105,0.11786690366506611,0.9055971751291347,-0.00573446727094408,-0.1159080887919918,0.014551480985455187,0.04524729740763314,0.008595510512925961,0.018065640672344726,0.01383923836987093,0.10138978083965704,0.045318319192636965,-0.011509250597629797,-0.9999999999999989,-0.022576542319245288,0.04732894212553133,0.25501279980153413,-0.11918079398944387,-0.009868512352373774,-0.03696556426038859,-0.007266643659035761,-0.008063907614762238,-0.025292504456898474,-0.03805369151210122,-0.013148117630786757,-0.42966305701563334,-0.1159080887919918,0.08225199099174112,0.13553403232180317,0.02502781150295928,0.054782414460349906
-0.02491398156741119,0.010858712215337291,-0.0887896554353214,-0.08005973909602844,0.011509250597630836,1.0,0.017677649097834126,-0.04884432503158838,-0.27032586862098107,0.01692116101700408,0.0675168902848725,-0.018747458608989003,0.024483864247815384,0.025125232276928856,0.035566905468672035,0.02200213548677618,0.4367184729331764,0.12786250091685733,-0.06947190246533302,-0.1763417524299001,0.03729658999032507,0.0656370087698747,0.11308764426118317,-0.020801486149903917,-0.026693170734047787,-1.0000000000000002,-0.01150925059763098,-0.009729234711100153,-0.27032586862098107,-0.04884432503158838,-0.12950615874170054,-0.19015851710836526,-0.364531391774933,-0.08096873621970439,-0.04156104486930912,-0.19749038311523348,-0.11684768206939967,-0.9120076260093245,0.0353564461517378,0.12786250091685733,-0.0020111268327009124,-0.015791156459537353,0.014524672461992912,-0.03404789614955638
0.14480611547924427,0.14696659749570556,-0.009556058946301888,0.04324296857414332,0.014466345244122245,0.017677649097834126,1.0,-0.2795214885301581,-0.14672178898189406,-0.18745815553864906,-0.47990277483840715,-0.03413574653170226,-0.016575539530901993,-0.20055223993788387,0.9738116643256546,-0.13088018959152523,0.12174288048279984,0.13740327411925513,0.010738914211008858,0.06274156071242815,-0.11834222552561967,-0.12670544806301087,0.010531868289642064,0.7111004659465062,0.014094934452588427,-0.017677649097835348,-0.01446634524412215,0.041774233051380893,-0.14672178898189406,-0.2795214885301581,0.051106592569425346,-0.07160631048242651,0.09374509232694932,-0.0376872548308925,-0.019673218020390647,-0.045431265386419305,0.06746386925626657,0.032637733271387026,-0.3324562111241446,0.13740327411925513,0.7112884224823076,-0.08401605048333984,0.006065200436827253,-0.049668799074921006
0.8368742112771393,0.07189687097973536,-0.03194011470528815,-0.013949883993816563,0.25501279980153413,-0.04884432503158838,-0.2795214885301581,1.0,0.17074183015210687,0.8765719405558793,0.043967610188918906,0.13744537446307042,0.5367485025857343,0.7466702882488132,-0.28110936466805103,0.009210631927445609,-0.051171517598639596,-0.06485140372875808,-0.040070263008507204,-0.01116485220044508,0.04075712405642949,0.09605355129505323,-0.04197937794984346,-0.24829921447488684,-0.21672409267157527,0.04884432503159075,-0.255012799801534,-0.1397279939031349,0.17074183015210687,1.0,-0.504661199406616,0.12849101535911905,0.016969678048919357,0.08922402379188586,0.019667940407907293,0.08981646939021734,-0.14091844233671127,0.033633553197643766,-0.6284907454267026,-0.06485140372875808,-0.2505839728361611,-0.20194463135174154,-0.0021456667816242914,0.136284836877659
0.08746704092171273,-0.03263941389882878,-0.26461043348969776,-0.22041883845067148,0.04732894212553133,-0.27032586862098107,-0.14672178898189406,0.17074183015210687,1.0,0.11162823527782995,-0.004643918989602484,0.10226703913272328,0.007666873959961858,0.056723174979594095,-0.15205663436295322,0.019559784666493274,-0.6240769354801705,-0.09182870179306786,-0.2712292219462471,-0.20772437975421304,-0.0382123041126757,0.8464532876813438,0.06054095967410238,-0.016398416876276176,0.02207033504073415,0.2703258686209836,-0.047328942125531084,-0.3228961951777166,1.0,0.17074183015210692,0.5244183158008454,0.8832920322776595,0.06873066059014728,0.12792482618945822,0.5400086241932531,0.7682955881467517,-0.3247756253244309,0.03613756480701935,-0.07668863269199196,-0.09182870179306786,-0.028186069132611718,0.03005603524042179,0.06948561483253726,0.13174759837576963
0.7825482911819507,0.06412451101644269,0.010807753198568202,0.016933078399683592,0.17394505753323417,0.01692116101700408,-0.18745815553864906,0.8765719405558793,0.11162823527782995,1.0,0.269477768892375,0.22959408667024192,0.5979936718158083,0.8535477983108362,-0.11096314641251569,0.01103651532797067,0.11704153547825542,0.42115794103044024,0.06890688856119201,0.06325383981922096,0.1144111896113103,0.08674599547355691,-0.029953171614193416,-0.17533104719482845,-0.183274966493006,-0.016921161017002473,-0.17394505753323333,-0.07961384301671079,0.11162823527782999,0.8765719405558796,-0.47180418382640216,0.3018275345705212,0.2563601731513615,0.19815875604752933,0.12355449222604932,0.23911642416569479,0.000979489323192876,0.032813126604367616,-0.4273956203414155,0.42115794103044024,-0.11328895143066582,-0.12970836345309025,0.061778051311343854,0.10777128477227056
-0.3232742660394506,-0.11926707455995515,0.09350101397628614,0.04278559703902318,0.3614596189561183,0.0675168902848725,-0.47990277483840715,0.043967610188918906,-0.004643918989602484,0.269477768892375,1.0,-0.2455314894407026,0.1842171378630299,0.4287922277349519,-0.3025583235335025,0.5723896478358661,0.13756805487184587,0.48003076709389836,0.15705023709294602,0.07456542560692711,0.31957693981182866,0.06260771726811248,0.023670851468172053,-0.26354664654488247,0.10957293850748415,-0.06751689028487178,-0.36145961895611883,0.0630047197489333,-0.004643918989602437,0.043967610188918926,0.024060430456826914,0.2204274454867411,0.2025751750953558,0.11874280958722432,0.12953276355551435,0.17688969680784433,0.13574209338879106,-0.0191334046954693,0.36741290732493526,0.48003076709389836,-0.19228903516024104,0.287823841475422,0.08429645934061442,0.020837320498555405
0.10599338135223639,-0.08031318350198065,-0.02261158041473337,-0.017741173949467812,0.08356042689909997,-0.018747458608989003,-0.03413574653170226,0.13744537446307042,0.10226703913272328,0.22959408667024192,-0.2455314894407026,1.0,-0.18685916557674564,-0.1908298706624868,0.014000290425789326,0.06210568958867397,0.010047533585664629,0.2176188926002401,0.0074005316155016584,0.006844378569257985,-0.17380661310607265,0.07609055702922246,-0.009551032262024249,-0.047748524474106636,-9.503175541526965e-05,0.018747458608988216,-0.08356042689909793,-0.03210732918716682,0.10226703913272325,0.13744537446307042,-0.08752855286341675,0.19686366587874476,0.11189350285403452,0.2006766149951721,0.06822665482994707,0.12233226608672453,0.01521557314428441,0.033989487945537425,-0.07275551836281804,0.2176188926002401,-0.01654856963544207,-0.017981565476175212,0.01898269142900139,-0.011199512235811759
0.5491822533395269,0.7584082004569886,0.02947815707194316,0.050369141787771556,0.029847196806702052,0.024483864247815384,-0.016575539530901993,0.5367485025857343,0.007666873959961858,0.5979936718158083,0.1842171378630299,-0.18685916557674564,1.0,0.6508807280899589,0.007622700062998613,-0.09236210992353641,0.0933926528986213,0.22903371114166365,0.06205315056682679,0.0782813890107847,0.1629932435235186,0.006183631139376212,0.01329737433671078,-0.02902319545633855,-0.12255405283262685,-0.024483864247812317,-0.029847196806703155,-0.0391269361302785,0.0076668739599618395,0.5367485025857341,-0.3004568051667328,0.11408365760775079,0.14089472939798472,0.060005148978069564,0.07140940643819606,0.10122998339262844,0.0011923798739840734,0.007732620757241238,-0.2869035404766556,0.22903371114166365,0.0028506033101673516,-0.11204830339914028,0.015182194363484364,0.16349208712144575
0.6486967122238052,0.007923407239409038,0.039774487708245224,0.030874959441949974,0.16837711101590105,0.025125232276928856,-0.20055223993788387,0.7466702882488132,0.056723174979594095,0.8535477983108362,0.4287922277349519,-0.1908298706624868,0.6508807280899589,1.0,-0.13355384686344385,0.023862296130652202,0.1174236045313529,0.3623347034155263,0.08939568522689535,0.06950589916352896,-0.004432313926688461,0.05351529424487682,-0.019646396339617955,-0.1640146586080482,-0.22605716503170142,-0.02512523227692704,-0.16837711101590008,-0.04942451784695215,0.056723174979594164,0.7466702882488133,-0.3996125437079697,0.22342009405682026,0.21964687561874072,0.10952989798449829,0.10492565720393203,0.19395939256921857,0.01562528080419457,0.01994687423772259,-0.3839833807739901,0.3623347034155263,-0.11100044432561647,-0.10205842316870917,0.055669753952424406,0.10716996414021153
0.08880962356956192,0.12198746423571492,0.011122126927718214,0.055442155363545055,0.11786690366506611,0.035566905468672035,0.9738116643256546,-0.28110936466805103,-0.15205663436295322,-0.11096314641251569,-0.3025583235335025,0.014000290425789326,0.007622700062998613,-0.13355384686344385,1.0,0.007247037993755341,0.17233092023923544,0.30094466131793984,0.053414831495338114,0.0884444072449234,-0.06587354203824065,-0.11554592348856381,0.01576545697618804,0.7114817955334373,0.04300964988482942,-0.03556690546867344,-0.11786690366506548,0.05841728395540006,-0.1520566343629531,-0.28110936466805114,0.05272765187012283,-0.00023118805574323233,0.16875509924386767,0.01204422785419548,0.018673404265670657,0.009312650036105895,0.1109936655430094,0.03442310447927235,-0.2810771605227866,0.30094466131793984,0.7356852763285913,-0.022758639142873648,0.029960137621369433,-0.0521210699080037
-0.3880374730015591,-0.14218525265899398,0.06258148051968619,0.05896180373118634,0.9055971751291347,0.02200213548677618,-0.13088018959152523,0.009210631927445609,0.019559784666493274,0.01103651532797067,0.5723896478358661,0.06210568958867397,-0.09236210992353641,0.023862296130652202,0.007247037993755341,1.0,0.023850859481990425,0.008943056004925922,0.06079888845217238,0.053213574809597236,0.12706138830370872,0.017508742531423326,0.030178337600441953,0.021563811346580825,0.12247157355194992,-0.02200213548677586,-0.9055971751291342,0.022367542888193332,0.01955978466649328,0.00921063192744563,0.02097176466659168,0.022815615076913525,0.010786939970677211,0.005172469991811254,0.024954584844493234,0.00517834576153258,0.02552560135304526,-0.012251235758998036,-0.03846308117289503,0.008943056004925922,0.0214850188687712,0.23702170855428412,0.0454132581629105,0.01602479521684593
0.02447291685750198,0.02332823561111123,-0.18520261557217568,0.16484295819340206,-0.00573446727094408,0.4367184729331764,0.12174288048279984,-0.051171517598639596,-0.6240769354801705,0.11704153547825542,0.13756805487184587,0.010047533585664629,0.0933926528986213,0.1174236045313529,0.17233092023923544,0.023850859481990425,1.0,0.3421005484723519,-0.13412286812147745,0.1898280242902874,0.08429065413061311,-0.6738679067556902,-0.014435504631037113,0.058274886648150837,-0.04601606663369933,-0.4367184729331781,0.005734467270944127,-0.31621239028124415,-0.6240769354801704,-0.05117151759863966,-0.3792544917943402,-0.4205888235169147,0.3642827705636534,-0.03770383862767636,-0.26451134276899535,-0.3901310273251416,-0.26022656738824623,-0.060310661743385896,0.06965816988509026,0.3421005484723519,0.10425371683091937,-0.02894972512089517,0.23493012077892542,-0.07261174653574516
0.045328347045661646,-0.0013041141824972154,0.08237989387340058,0.06415926938316398,-0.1159080887919918,0.12786250091685733,0.13740327411925513,-0.06485140372875808,-0.09182870179306786,0.42115794103044024,0.48003076709389836,0.2176188926002401,0.22903371114166365,0.3623347034155263,0.30094466131793984,0.008943056004925922,0.3421005484723519,1.0,0.21909340427203264,0.15574881927357587,0.16220747742904823,-0.00323982569848732,0.01486472949648016,0.10455748102660144,0.02539927955529473,-0.12786250091685827,0.11590808879199292,0.09841029229573563,-0.091828701793068,-0.06485140372875801,-0.03147693733198279,0.38311026139446097,0.5032139137702482,0.24172047899251467,0.2179971188014275,0.32695968175876144,0.26936343779525707,0.004944472096455973,0.30080838781049185,1.0,0.23901006059317054,0.11011047798686283,0.13165974185043985,-0.03657594257117907
-0.03788783201279196,0.0044903545056214356,0.9891163406540773,0.06848097026598898,0.014551480985455187,-0.06947190246533302,0.010738914211008858,-0.040070263008507204,-0.2712292219462471,0.06890688856119201,0.15705023709294602,0.0074005316155016584,0.06205315056682679,0.08939568522689535,0.053414831495338114,0.06079888845217238,-0.13412286812147745,0.21909340427203264,1.0,0.02969792319509283,0.025182504061421803,-0.01601708446669925,0.05088793691561018,-0.01847777208353753,-0.015904507503328055,0.06947190246533251,-0.014551480985455346,0.7041702571852912,-0.271229221946247,-0.04007026300850718,-0.13438878477591953,-0.14905308677735596,-0.19292895267460905,-0.04278842185087387,-0.04836313966418343,-0.1347689849690492,0.7277727035274736,0.018917687594922135,0.09579555882362155,0.21909340427203272,0.011724625728901717,0.017261035233093115,-0.0539397356722964,-0.03352702796290369
0.014942564624455477,0.0453593005667989,0.007219215441896889,0.9426333174391488,0.04524729740763314,-0.1763417524299001,0.06274156071242815,-0.01116485220044508,-0.20772437975421304,0.06325383981922096,0.07456542560692711,0.006844378569257985,0.0782813890107847,0.06950589916352896,0.0884444072449234,0.053213574809597236,0.1898280242902874,0.15574881927357587,0.02969792319509283,1.0,0.015053399243777696,-0.337424945201376,-0.06533044374304028,0.05231794522138498,0.04451118700531888,0.17634175242990008,-0.045247297407633766,-0.054391274173936875,-0.20772437975421307,-0.011164852200445108,-0.145678379784495,-0.1210278826549068,0.3186486767119366,0.0019143673217000099,-0.11578429602050101,-0.1032612757809311,0.02510945122821992,0.28280366510443083,-0.001979864626451962,0.15574881927357584,0.07172024914835852,0.05698598135535136,-0.0680372525781791,0.01924407065026355
-0.047518610922644616,0.2172649916845537,0.0035884875861842813,0.011426991001148716,0.008595510512925961,0.03729658999032507,-0.11834222552561967,0.04075712405642949,-0.0382123041126757,0.1144111896113103,0.31957693981182866,-0.17380661310607265,0.1629932435235186,-0.004432313926688461,-0.06587354203824065,0.12706138830370872,0.08429065413061311,0.16220747742904823,0.025182504061421803,0.015053399243777696,1.0,-0.014709802472358886,-0.02452003387248447,-0.06927199584926656,0.112927015527004,-0.037296589990325604,-0.00859551051292658,0.014011737244360426,-0.03821230411267566,0.0407571240564295,0.0018053080869638884,0.04007690867904104,0.06041826667168459,0.06039392949809084,-0.011835950409327169,0.01569950945882296,0.03593268897179023,-0.009665091338045738,0.2709311241585848,0.1622074774290482,-0.04445144550844039,-0.055020153562628224,0.042079537120872104,-0.025845874650044374
0.02304385158206586,-0.0323573298698506,-0.015698529324515122,-0.2781541486446939,0.018065640672344726,0.0656370087698747,-0.12670544806301087,0.09605355129505323,0.8464532876813438,0.08674599547355691,0.06260771726811248,0.07609055702922246,0.006183631139376212,0.05351529424487682,-0.11554592348856381,0.017508742531423326,-0.6738679067556902,-0.00323982569848732,-0.01601708446669925,-0.337424945201376,-0.014709802472358886,1.0,0.13552775731026134,-0.035912979539578636,0.037203112965667536,-0.06563700876987323,-0.018065640672344334,0.08187460367906785,0.8464532876813436,0.09605355129505319,0.4945899952789446,0.783642846736523,-0.2972491627773416,0.08646620781449432,0.5295569017612977,0.6625285785809671,0.02261882264077922,-0.3573090138614364,-0.003156449094721368,-0.0032398256984872992,-0.03528891420525393,0.05602581371536687,-0.009432943588640887,0.09783398245123026
-0.04432619558963338,0.0365790990963462,0.05080775590810761,0.012484555989985229,0.01383923836987093,0.11308764426118317,0.010531868289642064,-0.04197937794984346,0.06054095967410238,-0.029953171614193416,0.023670851468172053,-0.009551032262024249,0.01329737433671078,-0.019646396339617955,0.01576545697618804,0.030178337600441953,-0.014435504631037113,0.01486472949648016,0.05088793691561018,-0.06533044374304028,-0.02452003387248447,0.13552775731026134,1.0,0.007074319921572101,0.01493262629377034,-0.11308764426118127,-0.01383923836987187,0.0762972026442683,0.06054095967410235,-0.04197937794984342,0.06963001229451751,0.06265419414167864,-0.06257251339641325,-0.09602688381770554,0.7606989157575874,0.018008416557663835,0.05664125683109408,-0.1342452098488071,0.026923994493003537,0.014864729496480204,0.00886459409442723,0.03169397165928728,0.23978018583175081,0.115258034745022
0.0129045044873641,0.10035044989159118,-0.03343591869812315,0.023751753732631907,0.10138978083965704,-0.020801486149903917,0.7111004659465062,-0.24829921447488684,-0.016398416876276176,-0.17533104719482845,-0.26354664654488247,-0.047748524474106636,-0.02902319545633855,-0.1640146586080482,0.7114817955334373,0.021563811346580825,0.058274886648150837,0.10455748102660144,-0.01847777208353753,0.05231794522138498,-0.06927199584926656,-0.035912979539578636,0.007074319921572101,1.0,0.031116265212314215,0.020801486149903715,-0.10138978083965772,-0.03892363452397902,-0.01639841687627617,-0.24829921447488684,0.13281117354250338,0.03417520037938178,0.10687371061727953,0.003207083043553964,0.036884268838240246,0.04458198042228586,-0.0160241234371624,0.049234804512803564,-0.2046020995157215,0.10455748102660144,0.9892892535764332,-0.023781470686401237,0.0013442439614552704,-0.024015282731960068
-0.2652537828925627,0.032198955830852596,-0.020353323173519997,0.044533509530657954,0.045318319192636965,-0.026693170734047787,0.014094934452588427,-0.21672409267157527,0.02207033504073415,-0.183274966493006,0.10957293850748415,-9.503175541526965e-05,-0.12255405283262685,-0.22605716503170142,0.04300964988482942,0.12247157355194992,-0.04601606663369933,0.02539927955529473,-0.015904507503328055,0.04451118700531888,0.112927015527004,0.037203112965667536,0.01493262629377034,0.031116265212314215,1.0,0.026693170734048952,-0.045318319192638006,0.014252823655267971,0.02207033504073415,-0.21672409267157522,0.17406862166312445,0.03180276649980433,-0.0064974452267557445,0.006198679295145725,0.03276822229091618,0.03046704256143748,0.014175279572239014,0.005383507977897631,0.16927837768125314,0.025399279555294738,0.03258904901191696,0.943580493118661,-0.006282102560365276,0.055548479720887056
0.02491398156741265,-0.010858712215334824,0.08878965543532107,0.08005973909602888,-0.011509250597629797,-1.0000000000000002,-0.017677649097835348,0.04884432503159075,0.2703258686209836,-0.016921161017002473,-0.06751689028487178,0.018747458608988216,-0.024483864247812317,-0.02512523227692704,-0.03556690546867344,-0.02200213548677586,-0.4367184729331781,-0.12786250091685827,0.06947190246533251,0.17634175242990008,-0.037296589990325604,-0.06563700876987323,-0.11308764426118127,0.020801486149903715,0.026693170734048952,1.0,0.011509250597629899,0.009729234711098256,0.27032586862098357,0.048844325031590766,0.12950615874170107,0.19015851710836718,0.36453139177493377,0.08096873621970327,0.041561044869312495,0.1974903831152355,0.11684768206939788,0.9120076260093257,-0.035356446151739405,-0.12786250091685827,0.002011126832700367,0.01579115645953873,-0.01452467246199275,0.03404789614957484
0.08700731027600474,0.10559588952599763,-0.03248738847946632,-0.060175664044337426,-0.9999999999999989,-0.01150925059763098,-0.01446634524412215,-0.255012799801534,-0.047328942125531084,-0.17394505753323333,-0.36145961895611883,-0.08356042689909793,-0.029847196806703155,-0.16837711101590008,-0.11786690366506548,-0.9055971751291342,0.005734467270944127,0.11590808879199292,-0.014551480985455346,-0.045247297407633766,-0.00859551051292658,-0.018065640672344334,-0.01383923836987187,-0.10138978083965772,-0.045318319192638006,0.011509250597629899,1.0,0.022576542319245378,-0.047328942125531064,-0.2550127998015339,0.1191807939894439,0.009868512352374641,0.036965564260388786,0.007266643659037404,0.008063907614761646,0.025292504456898818,0.03805369151210147,0.013148117630786998,0.42966305701563223,0.11590808879199294,-0.08225199099174155,-0.13553403232180378,-0.025027811502959622,-0.05478241446035399
-0.11428200419788627,-0.011734798582792857,0.7067103606220494,0.04019260146281786,-0.022576542319245288,-0.009729234711100153,0.041774233051380893,-0.1397279939031349,-0.3228961951777166,-0.07961384301671079,0.0630047197489333,-0.03210732918716682,-0.0391269361302785,-0.04942451784695215,0.05841728395540006,0.022367542888193332,-0.31621239028124415,0.09841029229573563,0.7041702571852912,-0.054391274173936875,0.014011737244360426,0.08187460367906785,0.0762972026442683,-0.03892363452397902,0.014252823655267971,0.009729234711098256,0.022576542319245378,1.0,-0.3228961951777167,-0.13972799390313495,-0.09870559625978895,-0.2515927495887558,-0.4843232569527628,-0.07356591340228072,-0.10104708567150641,-0.24919536477933538,0.9718762030286612,-0.12303295801064003,0.10598531772603191,0.09841029229573567,-0.025472462437748297,0.025783580989727273,-0.1293881756597472,-0.08056132825436842
0.08746704092171273,-0.03263941389882878,-0.26461043348969776,-0.22041883845067148,0.04732894212553133,-0.27032586862098107,-0.14672178898189406,0.17074183015210687,1.0,0.11162823527782999,-0.004643918989602437,0.10226703913272325,0.0076668739599618395,0.056723174979594164,-0.1520566343629531,0.01955978466649328,-0.6240769354801704,-0.091828701793068,-0.271229221946247,-0.20772437975421307,-0.03821230411267566,0.8464532876813436,0.06054095967410235,-0.01639841687627617,0.02207033504073415,0.27032586862098357,-0.047328942125531064,-0.3228961951777167,1.0,0.17074183015210692,0.5244183158008454,0.8832920322776595,0.06873066059014728,0.12792482618945822,0.5400086241932531,0.7682955881467517,-0.3247756253244309,0.03613756480701935,-0.07668863269199196,-0.09182870179306786,-0.028186069132611718,0.03005603524042179,0.06948561483253726,0.13174759837576963
0.8368742112771393,0.07189687097973536,-0.03194011470528815,-0.013949883993816563,0.25501279980153413,-0.04884432503158838,-0.2795214885301581,1.0,0.17074183015210692,0.8765719405558796,0.043967610188918926,0.13744537446307042,0.5367485025857341,0.7466702882488133,-0.28110936466805114,0.00921063192744563,-0.05117151759863966,-0.06485140372875801,-0.04007026300850718,-0.011164852200445108,0.0407571240564295,0.09605355129505319,-0.04197937794984342,-0.24829921447488684,-0.21672409267157522,0.048844325031590766,-0.2550127998015339,-0.13972799390313495,0.17074183015210692,1.0,-0.504661199406616,0.12849101535911905,0.016969678048919357,0.08922402379188586,0.019667940407907293,0.08981646939021734,-0.14091844233671127,0.033633553197643766,-0.6284907454267026,-0.06485140372875808,-0.2505839728361611,-0.20194463135174154,-0.0021456667816242914,0.136284836877659
-0.4814606062660662,-0.05434894113126001,-0.1342297145630272,-0.1469346135553666,-0.11918079398944387,-0.12950615874170054,0.051106592569425346,-0.504661199406616,0.5244183158008454,-0.47180418382640216,0.024060430456826914,-0.08752855286341675,-0.3004568051667328,-0.3996125437079697,0.05272765187012283,0.02097176466659168,-0.3792544917943402,-0.03147693733198279,-0.13438878477591953,-0.145678379784495,0.0018053080869638884,0.4945899952789446,0.06963001229451751,0.13281117354250338,0.17406862166312445,0.12950615874170107,0.1191807939894439,-0.09870559625978895,0.5244183158008454,-0.504661199406616,1.0,0.47127466822345326,-0.03527660817531776,0.08151339288318876,0.3103343897461226,0.39842552493831057,-0.10770380857412953,-0.02065160887468241,0.3575223724933965,-0.031476937331982785,0.12576212527697783,0.17016885284183347,-0.008720979319365923,0.013118253942714273
0.10305093589049742,-0.03186891470055436,-0.20622257229289978,-0.17550606685697007,-0.009868512352373774,-0.19015851710836526,-0.07160631048242651,0.12849101535911905,0.8832920322776595,0.3018275345705212,0.2204274454867411,0.19686366587874476,0.11408365760775079,0.22342009405682026,-0.00023118805574323233,0.022815615076913525,-0.4205888235169147,0.38311026139446097,-0.14905308677735596,-0.1210278826549068,0.04007690867904104,0.783642846736523,0.06265419414167864,0.03417520037938178,0.03180276649980433,0.19015851710836718,0.009868512352374641,-0.2515927495887558,0.8832920322776595,0.12849101535911905,0.47127466822345326,1.0,0.29857670625195865,0.23248179601120048,0.6038173986872387,0.8673931195347176,-0.17401773525670258,0.03550939250565588,0.06881397284272667,0.38311026139446097,0.08616548844169584,0.07905716154524467,0.1247325113357804,0.10442164054107139
0.09597764019464915,0.0037065569119430404,-0.2675594091423998,0.1393963312116851,-0.03696556426038859,-0.364531391774933,0.09374509232694932,0.016969678048919357,0.06873066059014728,0.2563601731513615,0.2025751750953558,0.11189350285403452,0.14089472939798472,0.21964687561874072,0.16875509924386767,0.010786939970677211,0.3642827705636534,0.5032139137702482,-0.19292895267460905,0.3186486767119366,0.06041826667168459,-0.2972491627773416,-0.06257251339641325,0.10687371061727953,-0.0064974452267557445,0.36453139177493377,0.036965564260388786,-0.4843232569527628,0.06873066059014728,0.016969678048919357,-0.03527660817531776,0.29857670625195865,1.0,-0.19187437140487937,0.2313299886897668,0.4380427336383447,-0.2975705808147018,0.5653519382855584,0.10060463699253855,0.5032139137702483,0.17346240721804235,0.03352648179704953,0.29362102443620164,0.028916756740028117
0.06385667020629353,-0.014864537161314023,-0.07908285668703714,0.004933643877980511,-0.007266643659035761,-0.08096873621970439,-0.0376872548308925,0.08922402379188586,0.12792482618945822,0.19815875604752933,0.11874280958722432,0.2006766149951721,0.060005148978069564,0.10952989798449829,0.01204422785419548,0.005172469991811254,-0.03770383862767636,0.24172047899251467,-0.04278842185087387,0.0019143673217000099,0.06039392949809084,0.08646620781449432,-0.09602688381770554,0.003207083043553964,0.006198679295145725,0.08096873621970327,0.007266643659037404,-0.07356591340228072,0.12792482618945822,0.08922402379188586,0.08151339288318876,0.23248179601120048,-0.19187437140487937,1.0,-0.1758988007849118,-0.15827086972019513,-0.019122746538033687,0.07795162188354841,0.03224717689345846,0.24172047899251461,0.03616706706407013,0.019896115304841585,-0.1920914932462143,-0.031951041781740686
0.01922727806652951,0.011228157072899337,-0.07916432310432134,-0.13414549934335993,-0.008063907614762238,-0.04156104486930912,-0.019673218020390647,0.019667940407907293,0.5400086241932531,0.12355449222604932,0.12953276355551435,0.06822665482994707,0.07140940643819606,0.10492565720393203,0.018673404265670657,0.024954584844493234,-0.26451134276899535,0.2179971188014275,-0.04836313966418343,-0.11578429602050101,-0.011835950409327169,0.5295569017612977,0.7606989157575874,0.036884268838240246,0.03276822229091618,0.041561044869312495,0.008063907614761646,-0.10104708567150641,0.5400086241932531,0.019667940407907293,0.3103343897461226,0.6038173986872387,0.2313299886897668,-0.1758988007849118,1.0,0.6552600429798856,-0.0716959897163092,-0.06644384463476448,0.06546545569077676,0.2179971188014275,0.06641840825029587,0.07334009244740627,0.19156473290781587,0.16732471434497082
0.09015850219115451,-0.02431273953283231,-0.18320736163241447,-0.22349615205531462,-0.025292504456898474,-0.19749038311523348,-0.045431265386419305,0.08981646939021734,0.7682955881467517,0.23911642416569479,0.17688969680784433,0.12233226608672453,0.10122998339262844,0.19395939256921857,0.009312650036105895,0.00517834576153258,-0.3901310273251416,0.32695968175876144,-0.1347689849690492,-0.1032612757809311,0.01569950945882296,0.6625285785809671,0.018008416557663835,0.04458198042228586,0.03046704256143748,0.1974903831152355,0.025292504456898818,-0.24919536477933538,0.7682955881467517,0.08981646939021734,0.39842552493831057,0.8673931195347176,0.4380427336383447,-0.15827086972019513,0.6552600429798856,1.0,-0.1796470790639361,0.056125096208613695,0.06667400004677411,0.32695968175876156,0.08919545377160588,0.07319979179277593,0.013595044463045368,0.1269984137359969
-0.09370219012649764,-0.01295808119894041,0.7050007187980262,0.08491774390822698,-0.03805369151210122,-0.11684768206939967,0.06746386925626657,-0.14091844233671127,-0.3247756253244309,0.000979489323192876,0.13574209338879106,0.01521557314428441,0.0011923798739840734,0.01562528080419457,0.1109936655430094,0.02552560135304526,-0.26022656738824623,0.26936343779525707,0.7277727035274736,0.02510945122821992,0.03593268897179023,0.02261882264077922,0.05664125683109408,-0.0160241234371624,0.014175279572239014,0.11684768206939788,0.03805369151210147,0.9718762030286612,-0.3247756253244309,-0.14091844233671127,-0.10770380857412953,-0.17401773525670258,-0.2975705808147018,-0.019122746538033687,-0.0716959897163092,-0.1796470790639361,1.0,0.019904344707644978,0.14831365271769925,0.26936343779525707,0.020232664250319658,0.03911442388849297,-0.08566568893037092,-0.08498266847111134
0.03920749172975335,-0.006395115044308086,0.018165721017967776,0.16111940377319642,-0.013148117630786757,-0.9120076260093245,0.032637733271387026,0.033633553197643766,0.03613756480701935,0.032813126604367616,-0.0191334046954693,0.033989487945537425,0.007732620757241238,0.01994687423772259,0.03442310447927235,-0.012251235758998036,-0.060310661743385896,0.004944472096455973,0.018917687594922135,0.28280366510443083,-0.009665091338045738,-0.3573090138614364,-0.1342452098488071,0.049234804512803564,0.005383507977897631,0.9120076260093257,0.013148117630786998,-0.12303295801064003,0.03613756480701935,0.033633553197643766,-0.02065160887468241,0.03550939250565588,0.5653519382855584,0.07795162188354841,-0.06644384463476448,0.056125096208613695,0.019904344707644978,1.0,-0.011718138266603024,0.004944472096455984,0.0479057543716701,0.0012246694693242742,0.0813606622157203,0.002692571854121059
-0.6711618333949314,-0.04802588897679638,0.05626590927387514,-0.02156956459060442,-0.42966305701563334,0.0353564461517378,-0.3324562111241446,-0.6284907454267026,-0.07668863269199196,-0.4273956203414155,0.36741290732493526,-0.07275551836281804,-0.2869035404766556,-0.3839833807739901,-0.2810771605227866,-0.03846308117289503,0.06965816988509026,0.30080838781049185,0.09579555882362155,-0.001979864626451962,0.2709311241585848,-0.003156449094721368,0.026923994493003537,-0.2046020995157215,0.16927837768125314,-0.035356446151739405,0.42966305701563223,0.10598531772603191,-0.07668863269199196,-0.6284907454267026,0.3575223724933965,0.06881397284272667,0.10060463699253855,0.03224717689345846,0.06546545569077676,0.06667400004677411,0.14831365271769925,-0.011718138266603024,1.0,0.30080838781049174,-0.15895909924352128,0.18860631981257325,0.03862095419971797,-0.10026837863200821
0.045328347045661646,-0.0013041141824972154,0.08237989387340058,0.06415926938316398,-0.1159080887919918,0.12786250091685733,0.13740327411925513,-0.06485140372875808,-0.09182870179306786,0.42115794103044024,0.48003076709389836,0.2176188926002401,0.22903371114166365,0.3623347034155263,0.30094466131793984,0.008943056004925922,0.3421005484723519,1.0,0.21909340427203272,0.15574881927357584,0.1622074774290482,-0.0032398256984872992,0.014864729496480204,0.10455748102660144,0.025399279555294738,-0.12786250091685827,0.11590808879199294,0.09841029229573567,-0.09182870179306786,-0.06485140372875808,-0.031476937331982785,0.38311026139446097,0.5032139137702483,0.24172047899251461,0.2179971188014275,0.32695968175876156,0.26936343779525707,0.004944472096455984,0.30080838781049174,1.0,0.23901006059317054,0.11011047798686283,0.13165974185043985,-0.03657594257117907
0.019219660752603607,0.09768639105671961,-0.021604169903738205,0.03077671114992227,0.08225199099174112,-0.0020111268327009124,0.7112884224823076,-0.2505839728361611,-0.028186069132611718,-0.11328895143066582,-0.19228903516024104,-0.01654856963544207,0.0028506033101673516,-0.11100044432561647,0.7356852763285913,0.0214850188687712,0.10425371683091937,0.23901006059317054,0.011724625728901717,0.07172024914835852,-0.04445144550844039,-0.03528891420525393,0.00886459409442723,0.9892892535764332,0.03258904901191696,0.002011126832700367,-0.08225199099174155,-0.025472462437748297,-0.028186069132611718,-0.2505839728361611,0.12576212527697783,0.08616548844169584,0.17346240721804235,0.03616706706407013,0.06641840825029587,0.08919545377160588,0.020232664250319658,0.0479057543716701,-0.15895909924352128,0.23901006059317054,1.0,-0.009619779097993749,0.0183886473948244,-0.029419979785265
-0.32259500953634235,-0.06043301325503123,0.001751897494479264,0.048529058906695205,0.13553403232180317,-0.015791156459537353,-0.08401605048333984,-0.20194463135174154,0.03005603524042179,-0.12970836345309025,0.287823841475422,-0.017981565476175212,-0.11204830339914028,-0.10205842316870917,-0.022758639142873648,0.23702170855428412,-0.02894972512089517,0.11011047798686283,0.017261035233093115,0.05698598135535136,-0.055020153562628224,0.05602581371536687,0.03169397165928728,-0.023781470686401237,0.943580493118661,0.01579115645953873,-0.13553403232180378,0.025783580989727273,0.03005603524042179,-0.20194463135174154,0.17016885284183347,0.07905716154524467,0.03352648179704953,0.019896115304841585,0.07334009244740627,0.07319979179277593,0.03911442388849297,0.0012246694693242742,0.18860631981257325,0.11011047798686283,-0.009619779097993749,1.0,0.005511081774373617,0.06952040716157809
0.000852198759048168,-0.02239337012839159,-0.07342531830943884,0.10555585939726186,0.02502781150295928,0.014524672461992912,0.006065200436827253,-0.0021456667816242914,0.06948561483253726,0.061778051311343854,0.08429645934061442,0.01898269142900139,0.015182194363484364,0.055669753952424406,0.029960137621369433,0.0454132581629105,0.23493012077892542,0.13165974185043985,-0.0539397356722964,-0.0680372525781791,0.042079537120872104,-0.009432943588640887,0.23978018583175081,0.0013442439614552704,-0.006282102560365276,-0.01452467246199275,-0.025027811502959622,-0.1293881756597472,0.06948561483253726,-0.0021456667816242914,-0.008720979319365923,0.1247325113357804,0.29362102443620164,-0.1920914932462143,0.19156473290781587,0.013595044463045368,-0.08566568893037092,0.0813606622157203,0.03862095419971797,0.13165974185043985,0.0183886473948244,0.005511081774373617,1.0,-0.002646098773185985
0.09983275844244135,0.12809914901393463,-0.029537288787409906,0.00759708872956544,0.054782414460349906,-0.03404789614955638,-0.049668799074921006,0.136284836877659,0.13174759837576963,0.10777128477227056,0.020837320498555405,-0.011199512235811759,0.16349208712144575,0.10716996414021153,-0.0521210699080037,0.01602479521684593,-0.07261174653574516,-0.03657594257117907,-0.03352702796290369,0.01924407065026355,-0.025845874650044374,0.09783398245123026,0.115258034745022,-0.024015282731960068,0.055548479720887056,0.03404789614957484,-0.05478241446035399,-0.08056132825436842,0.13174759837576963,0.136284836877659,0.013118253942714273,0.10442164054107139,0.028916756740028117,-0.031951041781740686,0.16732471434497082,0.1269984137359969,-0.08498266847111134,0.002692571854121059,-0.10026837863200821,-0.03657594257117907,-0.029419979785265,0.06952040716157809,-0.002646098773185985,1.0
